{
 "cells": [
  {
   "cell_type": "code",
   "execution_count": 1,
   "metadata": {},
   "outputs": [],
   "source": [
    "import bayes\n",
    "import networkx as nx\n",
    "import numpy"
   ]
  },
  {
   "cell_type": "code",
   "execution_count": 2,
   "metadata": {},
   "outputs": [],
   "source": [
    "import StructureLearn"
   ]
  },
  {
   "cell_type": "code",
   "execution_count": 3,
   "metadata": {},
   "outputs": [],
   "source": [
    "def calculate_correlation_matrix(data):\n",
    "    n = len(data[0])\n",
    "    M = numpy.zeros((n,n))\n",
    "    for k in range(len(data)):\n",
    "        if(k/100 == 1):\n",
    "            print \".\"\n",
    "        for i in range(n):\n",
    "            for j in range(n):\n",
    "                if i!= j:\n",
    "                    if(data[k][i] == data[k][j]):\n",
    "                        M[i][j] += 1\n",
    "                    else:\n",
    "                        M[i][j] -= 1\n",
    "    M *= 1.0/len(data)\n",
    "    return M"
   ]
  },
  {
   "cell_type": "code",
   "execution_count": 4,
   "metadata": {},
   "outputs": [],
   "source": [
    "G = StructureLearn.generateRandomBayesNet_withPriors(25, 80, 5)"
   ]
  },
  {
   "cell_type": "code",
   "execution_count": 5,
   "metadata": {
    "collapsed": true
   },
   "outputs": [],
   "source": [
    "def genGraph(M,threshold):\n",
    "    G = nx.Graph()\n",
    "    for i in range(len(M[0])):\n",
    "        G.add_node(i)\n",
    "    for i in range(len(M[0])):\n",
    "        for j in range(len(M[0])):\n",
    "            if(M[i][j] > threshold):\n",
    "                G.add_edge(i,j, weight = M[i][j])\n",
    "    return G"
   ]
  },
  {
   "cell_type": "code",
   "execution_count": 6,
   "metadata": {},
   "outputs": [
    {
     "name": "stdout",
     "output_type": "stream",
     "text": [
      "[[0, 0, 1, 0, 0, 0, 0, 0, 0, 0, 0, 0, 0, 1, 0, 0, 0, 0, 0, 0, 0, 0, 0, 0, 0], [0, 0, 1, 0, 0, 0, 0, 0, 0, 0, 0, 0, 0, 1, 0, 0, 0, 0, 0, 0, 0, 0, 0, 0, 0], [0, 0, 1, 0, 0, 0, 0, 0, 0, 0, 0, 0, 0, 1, 0, 0, 0, 0, 0, 0, 0, 0, 0, 0, 0], [0, 0, 1, 0, 0, 0, 0, 0, 0, 0, 0, 0, 0, 1, 0, 0, 0, 0, 0, 0, 0, 0, 0, 0, 0], [0, 0, 1, 0, 0, 0, 0, 0, 0, 0, 0, 0, 0, 1, 0, 0, 0, 0, 0, 0, 0, 0, 0, 0, 0], [0, 0, 1, 0, 0, 0, 0, 0, 0, 0, 0, 0, 0, 1, 0, 0, 0, 0, 0, 0, 0, 0, 0, 0, 0], [0, 0, 1, 0, 0, 0, 0, 0, 0, 0, 0, 0, 0, 1, 0, 0, 0, 0, 0, 0, 0, 0, 0, 0, 0], [0, 0, 1, 0, 0, 0, 0, 0, 0, 0, 0, 0, 0, 1, 0, 0, 0, 0, 0, 0, 0, 0, 0, 0, 0], [0, 0, 1, 0, 0, 0, 0, 0, 0, 0, 0, 0, 0, 1, 0, 0, 0, 0, 0, 0, 0, 0, 0, 0, 0], [0, 0, 1, 0, 0, 0, 0, 0, 0, 0, 0, 0, 0, 1, 0, 0, 0, 0, 0, 0, 0, 0, 0, 0, 0], [0, 0, 1, 0, 0, 0, 0, 0, 0, 0, 0, 0, 0, 1, 0, 0, 0, 0, 0, 0, 0, 0, 0, 0, 0], [0, 0, 1, 0, 0, 0, 0, 0, 0, 0, 0, 0, 0, 1, 0, 0, 0, 0, 0, 0, 0, 0, 0, 0, 0], [0, 0, 1, 0, 0, 0, 0, 0, 0, 0, 0, 0, 0, 1, 0, 0, 0, 0, 0, 0, 0, 0, 0, 0, 0], [0, 0, 1, 0, 0, 0, 0, 0, 0, 0, 0, 0, 0, 1, 0, 0, 0, 0, 0, 0, 0, 0, 0, 0, 0], [0, 0, 1, 0, 0, 0, 0, 0, 0, 0, 0, 0, 0, 1, 0, 0, 0, 0, 0, 0, 0, 0, 0, 0, 0], [0, 0, 1, 0, 0, 0, 0, 0, 0, 0, 0, 0, 0, 1, 0, 0, 0, 0, 0, 0, 0, 0, 0, 0, 0], [0, 0, 1, 0, 0, 0, 0, 0, 0, 0, 0, 0, 0, 1, 0, 0, 0, 0, 0, 0, 0, 0, 0, 0, 0], [0, 0, 1, 0, 0, 0, 0, 0, 0, 0, 0, 0, 0, 1, 0, 0, 0, 0, 0, 0, 0, 0, 0, 0, 0], [0, 0, 1, 0, 0, 0, 0, 0, 0, 0, 0, 0, 0, 1, 0, 0, 0, 0, 0, 0, 0, 0, 0, 0, 0], [0, 0, 1, 0, 0, 0, 0, 0, 0, 0, 0, 0, 0, 1, 0, 0, 0, 0, 0, 0, 0, 0, 0, 0, 0], [0, 0, 1, 0, 0, 0, 0, 0, 0, 0, 0, 0, 0, 1, 0, 0, 0, 0, 0, 0, 0, 0, 0, 0, 0], [0, 0, 1, 0, 0, 0, 0, 0, 0, 0, 0, 0, 0, 1, 0, 0, 0, 0, 0, 0, 0, 0, 0, 0, 0], [0, 0, 1, 0, 0, 0, 0, 0, 0, 0, 0, 0, 0, 1, 0, 0, 0, 0, 0, 0, 0, 0, 0, 0, 0], [0, 0, 1, 0, 0, 0, 0, 0, 0, 0, 0, 0, 0, 1, 0, 0, 0, 0, 0, 0, 0, 0, 0, 0, 0], [0, 0, 1, 0, 0, 0, 0, 0, 0, 0, 0, 0, 0, 1, 0, 0, 0, 0, 0, 0, 0, 0, 0, 0, 0], [1, 1, 0, 1, 1, 1, 1, 1, 1, 0, 1, 0, 1, 0, 1, 0, 0, 0, 1, 0, 1, 0, 1, 1, 1], [1, 1, 0, 1, 1, 1, 1, 1, 1, 0, 1, 0, 1, 0, 1, 0, 0, 0, 1, 0, 1, 0, 1, 1, 1], [1, 1, 0, 1, 1, 1, 1, 1, 1, 0, 1, 0, 1, 0, 1, 0, 0, 0, 1, 0, 1, 0, 1, 1, 1], [1, 1, 0, 1, 1, 1, 1, 1, 1, 0, 1, 0, 1, 0, 1, 0, 0, 0, 1, 0, 1, 0, 1, 1, 1], [1, 1, 0, 1, 1, 1, 1, 1, 1, 0, 1, 0, 1, 0, 1, 0, 0, 0, 1, 0, 1, 0, 1, 1, 1], [1, 1, 0, 1, 1, 1, 1, 1, 1, 0, 1, 0, 1, 0, 1, 0, 0, 0, 1, 0, 1, 0, 1, 1, 1], [1, 1, 0, 1, 1, 1, 1, 1, 1, 0, 1, 0, 1, 0, 1, 0, 0, 0, 1, 0, 1, 0, 1, 1, 1], [1, 1, 0, 1, 1, 1, 1, 1, 1, 0, 1, 0, 1, 0, 1, 0, 0, 0, 1, 0, 1, 0, 1, 1, 1], [1, 1, 0, 1, 1, 1, 1, 1, 1, 0, 1, 0, 1, 0, 1, 0, 0, 0, 1, 0, 1, 0, 1, 1, 1], [1, 1, 0, 1, 1, 1, 1, 1, 1, 0, 1, 0, 1, 0, 1, 0, 0, 0, 1, 0, 1, 0, 1, 1, 1], [1, 1, 0, 1, 1, 1, 1, 1, 1, 0, 1, 0, 1, 0, 1, 0, 0, 0, 1, 0, 1, 0, 1, 1, 1], [1, 1, 0, 1, 1, 1, 1, 1, 1, 0, 1, 0, 1, 0, 1, 0, 0, 0, 1, 0, 1, 0, 1, 1, 1], [1, 1, 0, 1, 1, 1, 1, 1, 1, 0, 1, 0, 1, 0, 1, 0, 0, 0, 1, 0, 1, 0, 1, 1, 1], [1, 1, 0, 1, 1, 1, 1, 1, 1, 0, 1, 0, 1, 0, 1, 0, 0, 0, 1, 0, 1, 0, 1, 1, 1], [1, 1, 0, 1, 1, 1, 1, 1, 1, 0, 1, 0, 1, 0, 1, 0, 0, 0, 1, 0, 1, 0, 1, 1, 1], [1, 1, 0, 1, 1, 1, 1, 1, 1, 0, 1, 0, 1, 0, 1, 0, 0, 0, 1, 0, 1, 0, 1, 1, 1], [1, 1, 0, 1, 1, 1, 1, 1, 1, 0, 1, 0, 1, 0, 1, 0, 0, 0, 1, 0, 1, 0, 1, 1, 1], [1, 1, 0, 1, 1, 1, 1, 1, 1, 0, 1, 0, 1, 0, 1, 0, 0, 0, 1, 0, 1, 0, 1, 1, 1], [1, 1, 0, 1, 1, 1, 1, 1, 1, 0, 1, 0, 1, 0, 1, 0, 0, 0, 1, 0, 1, 0, 1, 1, 1], [1, 1, 0, 1, 1, 1, 1, 1, 1, 0, 1, 0, 1, 0, 1, 0, 0, 0, 1, 0, 1, 0, 1, 1, 1], [1, 1, 0, 1, 1, 1, 1, 1, 1, 0, 1, 0, 1, 0, 1, 0, 0, 0, 1, 0, 1, 0, 1, 1, 1], [1, 1, 0, 1, 1, 1, 1, 1, 1, 0, 1, 0, 1, 0, 1, 0, 0, 0, 1, 0, 1, 0, 1, 1, 1], [1, 1, 0, 1, 1, 1, 1, 1, 1, 0, 1, 0, 1, 0, 1, 0, 0, 0, 1, 0, 1, 0, 1, 1, 1], [1, 1, 0, 1, 1, 1, 1, 1, 1, 0, 1, 0, 1, 0, 1, 0, 0, 0, 1, 0, 1, 0, 1, 1, 1], [1, 1, 0, 1, 1, 1, 1, 1, 1, 0, 1, 0, 1, 0, 1, 0, 0, 0, 1, 0, 1, 0, 1, 1, 1], [1, 0, 0, 0, 1, 1, 1, 0, 0, 1, 0, 1, 1, 1, 0, 1, 0, 1, 1, 0, 0, 1, 1, 1, 1], [1, 0, 0, 0, 1, 1, 1, 0, 0, 1, 0, 1, 1, 1, 0, 1, 0, 1, 1, 0, 0, 1, 1, 1, 1], [1, 0, 0, 0, 1, 1, 1, 0, 0, 1, 0, 1, 1, 1, 0, 1, 0, 1, 1, 0, 0, 1, 1, 1, 1], [1, 0, 0, 0, 1, 1, 1, 0, 0, 1, 0, 1, 1, 1, 0, 1, 0, 1, 1, 0, 0, 1, 1, 1, 1], [1, 0, 0, 0, 1, 1, 1, 0, 0, 1, 0, 1, 1, 1, 0, 1, 0, 1, 1, 0, 0, 1, 1, 1, 1], [1, 0, 0, 0, 1, 1, 1, 0, 0, 1, 0, 1, 1, 1, 0, 1, 0, 1, 1, 0, 0, 1, 1, 1, 1], [1, 0, 0, 0, 1, 1, 1, 0, 0, 1, 0, 1, 1, 1, 0, 1, 0, 1, 1, 0, 0, 1, 1, 1, 1], [1, 0, 0, 0, 1, 1, 1, 0, 0, 1, 0, 1, 1, 1, 0, 1, 0, 1, 1, 0, 0, 1, 1, 1, 1], [1, 0, 0, 0, 1, 1, 1, 0, 0, 1, 0, 1, 1, 1, 0, 1, 0, 1, 1, 0, 0, 1, 1, 1, 1], [1, 0, 0, 0, 1, 1, 1, 0, 0, 1, 0, 1, 1, 1, 0, 1, 0, 1, 1, 0, 0, 1, 1, 1, 1], [1, 0, 0, 0, 1, 1, 1, 0, 0, 1, 0, 1, 1, 1, 0, 1, 0, 1, 1, 0, 0, 1, 1, 1, 1], [1, 0, 0, 0, 1, 1, 1, 0, 0, 1, 0, 1, 1, 1, 0, 1, 0, 1, 1, 0, 0, 1, 1, 1, 1], [1, 0, 0, 0, 1, 1, 1, 0, 0, 1, 0, 1, 1, 1, 0, 1, 0, 1, 1, 0, 0, 1, 1, 1, 1], [1, 0, 0, 0, 1, 1, 1, 0, 0, 1, 0, 1, 1, 1, 0, 1, 0, 1, 1, 0, 0, 1, 1, 1, 1], [1, 0, 0, 0, 1, 1, 1, 0, 0, 1, 0, 1, 1, 1, 0, 1, 0, 1, 1, 0, 0, 1, 1, 1, 1], [1, 0, 0, 0, 1, 1, 1, 0, 0, 1, 0, 1, 1, 1, 0, 1, 0, 1, 1, 0, 0, 1, 1, 1, 1], [1, 0, 0, 0, 1, 1, 1, 0, 0, 1, 0, 1, 1, 1, 0, 1, 0, 1, 1, 0, 0, 1, 1, 1, 1], [1, 0, 0, 0, 1, 1, 1, 0, 0, 1, 0, 1, 1, 1, 0, 1, 0, 1, 1, 0, 0, 1, 1, 1, 1], [1, 0, 0, 0, 1, 1, 1, 0, 0, 1, 0, 1, 1, 1, 0, 1, 0, 1, 1, 0, 0, 1, 1, 1, 1], [1, 0, 0, 0, 1, 1, 1, 0, 0, 1, 0, 1, 1, 1, 0, 1, 0, 1, 1, 0, 0, 1, 1, 1, 1], [1, 0, 0, 0, 1, 1, 1, 0, 0, 1, 0, 1, 1, 1, 0, 1, 0, 1, 1, 0, 0, 1, 1, 1, 1], [1, 0, 0, 0, 1, 1, 1, 0, 0, 1, 0, 1, 1, 1, 0, 1, 0, 1, 1, 0, 0, 1, 1, 1, 1], [1, 0, 0, 0, 1, 1, 1, 0, 0, 1, 0, 1, 1, 1, 0, 1, 0, 1, 1, 0, 0, 1, 1, 1, 1], [1, 0, 0, 0, 1, 1, 1, 0, 0, 1, 0, 1, 1, 1, 0, 1, 0, 1, 1, 0, 0, 1, 1, 1, 1], [1, 0, 0, 0, 1, 1, 1, 0, 0, 1, 0, 1, 1, 1, 0, 1, 0, 1, 1, 0, 0, 1, 1, 1, 1], [1, 1, 0, 1, 0, 1, 0, 1, 1, 1, 1, 1, 1, 1, 1, 1, 0, 1, 0, 1, 1, 1, 0, 0, 1], [1, 1, 0, 1, 0, 1, 0, 1, 1, 1, 1, 1, 1, 1, 1, 1, 0, 1, 0, 1, 1, 1, 0, 0, 1], [1, 1, 0, 1, 0, 1, 0, 1, 1, 1, 1, 1, 1, 1, 1, 1, 0, 1, 0, 1, 1, 1, 0, 0, 1], [1, 1, 0, 1, 0, 1, 0, 1, 1, 1, 1, 1, 1, 1, 1, 1, 0, 1, 0, 1, 1, 1, 0, 0, 1], [1, 1, 0, 1, 0, 1, 0, 1, 1, 1, 1, 1, 1, 1, 1, 1, 0, 1, 0, 1, 1, 1, 0, 0, 1], [1, 1, 0, 1, 0, 1, 0, 1, 1, 1, 1, 1, 1, 1, 1, 1, 0, 1, 0, 1, 1, 1, 0, 0, 1], [1, 1, 0, 1, 0, 1, 0, 1, 1, 1, 1, 1, 1, 1, 1, 1, 0, 1, 0, 1, 1, 1, 0, 0, 1], [1, 1, 0, 1, 0, 1, 0, 1, 1, 1, 1, 1, 1, 1, 1, 1, 0, 1, 0, 1, 1, 1, 0, 0, 1], [1, 1, 0, 1, 0, 1, 0, 1, 1, 1, 1, 1, 1, 1, 1, 1, 0, 1, 0, 1, 1, 1, 0, 0, 1], [1, 1, 0, 1, 0, 1, 0, 1, 1, 1, 1, 1, 1, 1, 1, 1, 0, 1, 0, 1, 1, 1, 0, 0, 1], [1, 1, 0, 1, 0, 1, 0, 1, 1, 1, 1, 1, 1, 1, 1, 1, 0, 1, 0, 1, 1, 1, 0, 0, 1], [1, 1, 0, 1, 0, 1, 0, 1, 1, 1, 1, 1, 1, 1, 1, 1, 0, 1, 0, 1, 1, 1, 0, 0, 1], [1, 1, 0, 1, 0, 1, 0, 1, 1, 1, 1, 1, 1, 1, 1, 1, 0, 1, 0, 1, 1, 1, 0, 0, 1], [1, 1, 0, 1, 0, 1, 0, 1, 1, 1, 1, 1, 1, 1, 1, 1, 0, 1, 0, 1, 1, 1, 0, 0, 1], [1, 1, 0, 1, 0, 1, 0, 1, 1, 1, 1, 1, 1, 1, 1, 1, 0, 1, 0, 1, 1, 1, 0, 0, 1], [1, 1, 0, 1, 0, 1, 0, 1, 1, 1, 1, 1, 1, 1, 1, 1, 0, 1, 0, 1, 1, 1, 0, 0, 1], [1, 1, 0, 1, 0, 1, 0, 1, 1, 1, 1, 1, 1, 1, 1, 1, 0, 1, 0, 1, 1, 1, 0, 0, 1], [1, 1, 0, 1, 0, 1, 0, 1, 1, 1, 1, 1, 1, 1, 1, 1, 0, 1, 0, 1, 1, 1, 0, 0, 1], [1, 1, 0, 1, 0, 1, 0, 1, 1, 1, 1, 1, 1, 1, 1, 1, 0, 1, 0, 1, 1, 1, 0, 0, 1], [1, 1, 0, 1, 0, 1, 0, 1, 1, 1, 1, 1, 1, 1, 1, 1, 0, 1, 0, 1, 1, 1, 0, 0, 1], [1, 1, 0, 1, 0, 1, 0, 1, 1, 1, 1, 1, 1, 1, 1, 1, 0, 1, 0, 1, 1, 1, 0, 0, 1], [1, 1, 0, 1, 0, 1, 0, 1, 1, 1, 1, 1, 1, 1, 1, 1, 0, 1, 0, 1, 1, 1, 0, 0, 1], [1, 1, 0, 1, 0, 1, 0, 1, 1, 1, 1, 1, 1, 1, 1, 1, 0, 1, 0, 1, 1, 1, 0, 0, 1], [1, 1, 0, 1, 0, 1, 0, 1, 1, 1, 1, 1, 1, 1, 1, 1, 0, 1, 0, 1, 1, 1, 0, 0, 1], [1, 1, 0, 1, 0, 1, 0, 1, 1, 1, 1, 1, 1, 1, 1, 1, 0, 1, 0, 1, 1, 1, 0, 0, 1]]\n"
     ]
    }
   ],
   "source": [
    "data = StructureLearn.generateSamples_alt(G, 5000)"
   ]
  },
  {
   "cell_type": "code",
   "execution_count": 7,
   "metadata": {},
   "outputs": [
    {
     "name": "stdout",
     "output_type": "stream",
     "text": [
      ".\n",
      ".\n",
      ".\n",
      ".\n",
      ".\n",
      ".\n",
      ".\n",
      ".\n",
      ".\n",
      ".\n",
      ".\n",
      ".\n",
      ".\n",
      ".\n",
      ".\n",
      ".\n",
      ".\n",
      ".\n",
      ".\n",
      ".\n",
      ".\n",
      ".\n",
      ".\n",
      ".\n",
      ".\n",
      ".\n",
      ".\n",
      ".\n",
      ".\n",
      ".\n",
      ".\n",
      ".\n",
      ".\n",
      ".\n",
      ".\n",
      ".\n",
      ".\n",
      ".\n",
      ".\n",
      ".\n",
      ".\n",
      ".\n",
      ".\n",
      ".\n",
      ".\n",
      ".\n",
      ".\n",
      ".\n",
      ".\n",
      ".\n",
      ".\n",
      ".\n",
      ".\n",
      ".\n",
      ".\n",
      ".\n",
      ".\n",
      ".\n",
      ".\n",
      ".\n",
      ".\n",
      ".\n",
      ".\n",
      ".\n",
      ".\n",
      ".\n",
      ".\n",
      ".\n",
      ".\n",
      ".\n",
      ".\n",
      ".\n",
      ".\n",
      ".\n",
      ".\n",
      ".\n",
      ".\n",
      ".\n",
      ".\n",
      ".\n",
      ".\n",
      ".\n",
      ".\n",
      ".\n",
      ".\n",
      ".\n",
      ".\n",
      ".\n",
      ".\n",
      ".\n",
      ".\n",
      ".\n",
      ".\n",
      ".\n",
      ".\n",
      ".\n",
      ".\n",
      ".\n",
      ".\n",
      ".\n"
     ]
    }
   ],
   "source": [
    "M2 = calculate_correlation_matrix(data)"
   ]
  },
  {
   "cell_type": "code",
   "execution_count": 33,
   "metadata": {},
   "outputs": [
    {
     "data": {
      "text/plain": [
       "array([[ 0.0000e+00,  6.0000e+02,  1.1500e+03,  1.2000e+03,  1.3500e+03,\n",
       "         2.1000e+03, -4.0000e+02,  1.3150e+04,  6.7000e+03, -1.5000e+02,\n",
       "         3.2450e+04,  2.0000e+02,  1.0500e+04,  2.4750e+04,  2.6900e+04,\n",
       "         1.1750e+04, -1.0000e+02,  2.6400e+04,  7.6100e+04, -1.1500e+03,\n",
       "         3.8500e+03,  1.2500e+03,  8.6000e+03,  3.3500e+03,  4.8000e+04],\n",
       "       [ 6.0000e+02,  0.0000e+00, -1.1500e+03, -4.0000e+02, -1.8500e+03,\n",
       "        -1.1000e+03,  3.0500e+04,  4.5500e+03, -9.0000e+02, -3.5000e+02,\n",
       "        -1.7500e+03, -5.0000e+02,  1.2600e+04,  2.6500e+03,  1.9000e+04,\n",
       "        -9.5000e+02, -4.0000e+02,  2.8000e+03,  1.2600e+04,  1.3950e+04,\n",
       "        -2.2500e+03, -1.4500e+03, -3.0000e+02, -1.0500e+03,  1.2900e+04],\n",
       "       [ 1.1500e+03, -1.1500e+03,  0.0000e+00, -2.5000e+02,  1.0000e+02,\n",
       "         6.5500e+03,  2.5350e+04,  1.8300e+04,  9.1500e+03,  4.7700e+04,\n",
       "         1.8900e+04,  5.9950e+04,  2.2250e+04,  2.5600e+04,  1.6750e+04,\n",
       "         8.3000e+03,  4.8050e+04,  5.3050e+04,  1.1850e+04,  2.3300e+04,\n",
       "        -3.0000e+02,  1.2440e+05,  1.7750e+04,  1.4900e+04,  1.1350e+04],\n",
       "       [ 1.2000e+03, -4.0000e+02, -2.5000e+02,  0.0000e+00,  1.9500e+03,\n",
       "         2.4500e+04,  4.9500e+04,  3.3950e+04,  1.1700e+04,  1.8250e+04,\n",
       "         4.5550e+04,  6.4400e+04,  2.5200e+04,  2.5650e+04,  3.1000e+04,\n",
       "         6.0150e+04,  1.8500e+04,  1.5700e+04,  1.9700e+04,  5.8850e+04,\n",
       "         2.0500e+03, -1.5000e+02,  3.0500e+04,  4.9650e+04,  2.1900e+04],\n",
       "       [ 1.3500e+03, -1.8500e+03,  1.0000e+02,  1.9500e+03,  0.0000e+00,\n",
       "         9.3450e+04,  2.2050e+04,  5.5600e+04,  9.7550e+04,  5.9000e+04,\n",
       "         3.0000e+04, -4.5000e+02,  5.3350e+04,  4.6200e+04,  2.6650e+04,\n",
       "         4.6600e+04,  5.9450e+04,  2.7850e+04,  7.7500e+03,  2.8800e+04,\n",
       "         1.2220e+05,  0.0000e+00,  6.7950e+04,  6.1600e+04,  3.0850e+04],\n",
       "       [ 2.1000e+03, -1.1000e+03,  6.5500e+03,  2.4500e+04,  9.3450e+04,\n",
       "         0.0000e+00,  3.2500e+04,  5.4150e+04,  8.5100e+04,  5.6950e+04,\n",
       "         4.2450e+04,  1.4000e+04,  6.5000e+04,  5.2950e+04,  3.6900e+04,\n",
       "         5.3750e+04,  5.7200e+04,  3.2500e+04,  1.1300e+04,  3.8150e+04,\n",
       "         9.3850e+04,  6.4500e+03,  8.3600e+04,  9.0550e+04,  3.1000e+04],\n",
       "       [-4.0000e+02,  3.0500e+04,  2.5350e+04,  4.9500e+04,  2.2050e+04,\n",
       "         3.2500e+04,  0.0000e+00,  4.5350e+04,  2.8100e+04,  5.2050e+04,\n",
       "         2.9450e+04,  5.3500e+04,  5.6600e+04,  3.7750e+04,  4.1700e+04,\n",
       "         3.5250e+04,  5.2300e+04,  4.2500e+04,  4.8400e+04,  8.5750e+04,\n",
       "         2.1450e+04,  2.5350e+04,  3.5800e+04,  4.0950e+04,  5.5600e+04],\n",
       "       [ 1.3150e+04,  4.5500e+03,  1.8300e+04,  3.3950e+04,  5.5600e+04,\n",
       "         5.4150e+04,  4.5350e+04,  0.0000e+00,  5.7450e+04,  5.4600e+04,\n",
       "         4.0700e+04,  3.1050e+04,  4.4950e+04,  5.3000e+04,  4.1450e+04,\n",
       "         5.6600e+04,  5.4950e+04,  4.9150e+04,  2.8450e+04,  5.6200e+04,\n",
       "         5.6900e+04,  1.8200e+04,  5.0950e+04,  5.0100e+04,  3.7650e+04],\n",
       "       [ 6.7000e+03, -9.0000e+02,  9.1500e+03,  1.1700e+04,  9.7550e+04,\n",
       "         8.5100e+04,  2.8100e+04,  5.7450e+04,  0.0000e+00,  6.0150e+04,\n",
       "         3.8950e+04,  1.0000e+04,  5.6000e+04,  4.9650e+04,  3.1900e+04,\n",
       "         6.3050e+04,  6.0600e+04,  4.1300e+04,  1.6100e+04,  3.3450e+04,\n",
       "         9.8850e+04,  9.0500e+03,  8.0500e+04,  6.3550e+04,  3.8200e+04],\n",
       "       [-1.5000e+02, -3.5000e+02,  4.7700e+04,  1.8250e+04,  5.9000e+04,\n",
       "         5.6950e+04,  5.2050e+04,  5.4600e+04,  6.0150e+04,  0.0000e+00,\n",
       "         2.7400e+04,  4.4550e+04,  6.6050e+04,  6.5700e+04,  3.4450e+04,\n",
       "         3.8500e+04,  1.2435e+05,  6.5450e+04,  1.9550e+04,  6.3300e+04,\n",
       "         5.8500e+04,  4.7500e+04,  6.1350e+04,  4.6100e+04,  3.3050e+04],\n",
       "       [ 3.2450e+04, -1.7500e+03,  1.8900e+04,  4.5550e+04,  3.0000e+04,\n",
       "         4.2450e+04,  2.9450e+04,  4.0700e+04,  3.8950e+04,  2.7400e+04,\n",
       "         0.0000e+00,  3.3650e+04,  3.4850e+04,  4.3100e+04,  3.4950e+04,\n",
       "         6.6600e+04,  2.7750e+04,  3.0850e+04,  3.1650e+04,  3.2800e+04,\n",
       "         2.9500e+04,  1.9000e+04,  5.8750e+04,  5.6300e+04,  3.1350e+04],\n",
       "       [ 2.0000e+02, -5.0000e+02,  5.9950e+04,  6.4400e+04, -4.5000e+02,\n",
       "         1.4000e+04,  5.3500e+04,  3.1050e+04,  1.0000e+04,  4.4550e+04,\n",
       "         3.3650e+04,  0.0000e+00,  3.1100e+04,  3.0850e+04,  3.4400e+04,\n",
       "         3.5750e+04,  4.5000e+04,  4.0400e+04,  2.2600e+04,  5.2150e+04,\n",
       "        -1.5000e+02,  6.0250e+04,  2.4900e+04,  3.0850e+04,  2.4000e+04],\n",
       "       [ 1.0500e+04,  1.2600e+04,  2.2250e+04,  2.5200e+04,  5.3350e+04,\n",
       "         6.5000e+04,  5.6600e+04,  4.4950e+04,  5.6000e+04,  6.6050e+04,\n",
       "         3.4850e+04,  3.1100e+04,  0.0000e+00,  4.8950e+04,  3.6800e+04,\n",
       "         4.2750e+04,  6.6300e+04,  4.5600e+04,  3.6600e+04,  5.0950e+04,\n",
       "         5.3950e+04,  2.2250e+04,  5.4900e+04,  5.2050e+04,  5.4400e+04],\n",
       "       [ 2.4750e+04,  2.6500e+03,  2.5600e+04,  2.5650e+04,  4.6200e+04,\n",
       "         5.2950e+04,  3.7750e+04,  5.3000e+04,  4.9650e+04,  6.5700e+04,\n",
       "         4.3100e+04,  3.0850e+04,  4.8950e+04,  0.0000e+00,  4.3050e+04,\n",
       "         4.1300e+04,  6.5950e+04,  4.7050e+04,  3.0550e+04,  4.4200e+04,\n",
       "         4.5700e+04,  2.5400e+04,  5.3350e+04,  5.7200e+04,  3.3950e+04],\n",
       "       [ 2.6900e+04,  1.9000e+04,  1.6750e+04,  3.1000e+04,  2.6650e+04,\n",
       "         3.6900e+04,  4.1700e+04,  4.1450e+04,  3.1900e+04,  3.4450e+04,\n",
       "         3.4950e+04,  3.4400e+04,  3.6800e+04,  4.3050e+04,  0.0000e+00,\n",
       "         3.1450e+04,  3.4800e+04,  3.2300e+04,  4.2600e+04,  4.4850e+04,\n",
       "         2.6550e+04,  1.6850e+04,  4.4900e+04,  4.6650e+04,  4.1500e+04],\n",
       "       [ 1.1750e+04, -9.5000e+02,  8.3000e+03,  6.0150e+04,  4.6600e+04,\n",
       "         5.3750e+04,  3.5250e+04,  5.6600e+04,  6.3050e+04,  3.8500e+04,\n",
       "         6.6600e+04,  3.5750e+04,  4.2750e+04,  4.1300e+04,  3.1450e+04,\n",
       "         0.0000e+00,  3.8850e+04,  2.9150e+04,  2.1050e+04,  4.3200e+04,\n",
       "         4.6900e+04,  8.2000e+03,  5.7150e+04,  5.7100e+04,  3.0250e+04],\n",
       "       [-1.0000e+02, -4.0000e+02,  4.8050e+04,  1.8500e+04,  5.9450e+04,\n",
       "         5.7200e+04,  5.2300e+04,  5.4950e+04,  6.0600e+04,  1.2435e+05,\n",
       "         2.7750e+04,  4.5000e+04,  6.6300e+04,  6.5950e+04,  3.4800e+04,\n",
       "         3.8850e+04,  0.0000e+00,  6.5900e+04,  1.9900e+04,  6.3750e+04,\n",
       "         5.8950e+04,  4.7850e+04,  6.1600e+04,  4.6450e+04,  3.3400e+04],\n",
       "       [ 2.6400e+04,  2.8000e+03,  5.3050e+04,  1.5700e+04,  2.7850e+04,\n",
       "         3.2500e+04,  4.2500e+04,  4.9150e+04,  4.1300e+04,  6.5450e+04,\n",
       "         3.0850e+04,  4.0400e+04,  4.5600e+04,  4.7050e+04,  3.2300e+04,\n",
       "         2.9150e+04,  6.5900e+04,  0.0000e+00,  5.1600e+04,  4.0550e+04,\n",
       "         2.8650e+04,  5.2750e+04,  4.2900e+04,  3.1050e+04,  4.6200e+04],\n",
       "       [ 7.6100e+04,  1.2600e+04,  1.1850e+04,  1.9700e+04,  7.7500e+03,\n",
       "         1.1300e+04,  4.8400e+04,  2.8450e+04,  1.6100e+04,  1.9550e+04,\n",
       "         3.1650e+04,  2.2600e+04,  3.6600e+04,  3.0550e+04,  4.2600e+04,\n",
       "         2.1050e+04,  1.9900e+04,  5.1600e+04,  0.0000e+00,  3.2650e+04,\n",
       "         9.5500e+03,  1.1850e+04,  1.8200e+04,  1.6250e+04,  8.8100e+04],\n",
       "       [-1.1500e+03,  1.3950e+04,  2.3300e+04,  5.8850e+04,  2.8800e+04,\n",
       "         3.8150e+04,  8.5750e+04,  5.6200e+04,  3.3450e+04,  6.3300e+04,\n",
       "         3.2800e+04,  5.2150e+04,  5.0950e+04,  4.4200e+04,  4.4850e+04,\n",
       "         4.3200e+04,  6.3750e+04,  4.0550e+04,  3.2650e+04,  0.0000e+00,\n",
       "         2.8200e+04,  2.3500e+04,  4.1350e+04,  4.5100e+04,  4.2550e+04],\n",
       "       [ 3.8500e+03, -2.2500e+03, -3.0000e+02,  2.0500e+03,  1.2220e+05,\n",
       "         9.3850e+04,  2.1450e+04,  5.6900e+04,  9.8850e+04,  5.8500e+04,\n",
       "         2.9500e+04, -1.5000e+02,  5.3950e+04,  4.5700e+04,  2.6550e+04,\n",
       "         4.6900e+04,  5.8950e+04,  2.8650e+04,  9.5500e+03,  2.8200e+04,\n",
       "         0.0000e+00, -4.0000e+02,  6.7050e+04,  5.9800e+04,  3.2550e+04],\n",
       "       [ 1.2500e+03, -1.4500e+03,  1.2440e+05, -1.5000e+02,  0.0000e+00,\n",
       "         6.4500e+03,  2.5350e+04,  1.8200e+04,  9.0500e+03,  4.7500e+04,\n",
       "         1.9000e+04,  6.0250e+04,  2.2250e+04,  2.5400e+04,  1.6850e+04,\n",
       "         8.2000e+03,  4.7850e+04,  5.2750e+04,  1.1850e+04,  2.3500e+04,\n",
       "        -4.0000e+02,  0.0000e+00,  1.7750e+04,  1.4900e+04,  1.1350e+04],\n",
       "       [ 8.6000e+03, -3.0000e+02,  1.7750e+04,  3.0500e+04,  6.7950e+04,\n",
       "         8.3600e+04,  3.5800e+04,  5.0950e+04,  8.0500e+04,  6.1350e+04,\n",
       "         5.8750e+04,  2.4900e+04,  5.4900e+04,  5.3350e+04,  4.4900e+04,\n",
       "         5.7150e+04,  6.1600e+04,  4.2900e+04,  1.8200e+04,  4.1350e+04,\n",
       "         6.7050e+04,  1.7750e+04,  0.0000e+00,  7.8050e+04,  3.2900e+04],\n",
       "       [ 3.3500e+03, -1.0500e+03,  1.4900e+04,  4.9650e+04,  6.1600e+04,\n",
       "         9.0550e+04,  4.0950e+04,  5.0100e+04,  6.3550e+04,  4.6100e+04,\n",
       "         5.6300e+04,  3.0850e+04,  5.2050e+04,  5.7200e+04,  4.6650e+04,\n",
       "         5.7100e+04,  4.6450e+04,  3.1050e+04,  1.6250e+04,  4.5100e+04,\n",
       "         5.9800e+04,  1.4900e+04,  7.8050e+04,  0.0000e+00,  2.7550e+04],\n",
       "       [ 4.8000e+04,  1.2900e+04,  1.1350e+04,  2.1900e+04,  3.0850e+04,\n",
       "         3.1000e+04,  5.5600e+04,  3.7650e+04,  3.8200e+04,  3.3050e+04,\n",
       "         3.1350e+04,  2.4000e+04,  5.4400e+04,  3.3950e+04,  4.1500e+04,\n",
       "         3.0250e+04,  3.3400e+04,  4.6200e+04,  8.8100e+04,  4.2550e+04,\n",
       "         3.2550e+04,  1.1350e+04,  3.2900e+04,  2.7550e+04,  0.0000e+00]])"
      ]
     },
     "execution_count": 33,
     "metadata": {},
     "output_type": "execute_result"
    }
   ],
   "source": [
    "M"
   ]
  },
  {
   "cell_type": "code",
   "execution_count": 8,
   "metadata": {},
   "outputs": [
    {
     "data": {
      "text/plain": [
       "array([[ 0.000e+00,  1.600e-03, -2.400e-03, -8.000e-04, -7.600e-03,\n",
       "         3.200e-03,  3.164e-01,  5.600e-03,  3.560e-02,  5.240e-02,\n",
       "         8.840e-02,  3.920e-02,  2.836e-01,  1.112e-01,  3.960e-02,\n",
       "         9.200e-03,  2.132e-01,  3.760e-02, -6.800e-03,  1.420e-01,\n",
       "         1.312e-01,  5.120e-02,  9.640e-02,  1.040e-02,  1.420e-01],\n",
       "       [ 1.600e-03,  0.000e+00, -1.680e-02,  4.800e-03, -6.000e-03,\n",
       "         8.320e-02,  1.292e-01,  5.120e-02,  3.868e-01,  3.980e-01,\n",
       "         3.340e-01,  1.920e-01,  4.920e-02,  2.304e-01,  3.980e-01,\n",
       "         1.468e-01,  8.760e-02,  2.680e-01, -6.000e-03,  4.000e-04,\n",
       "         2.056e-01,  3.960e-01,  3.020e-01,  2.248e-01,  2.764e-01],\n",
       "       [-2.400e-03, -1.680e-02,  0.000e+00,  8.000e-04, -6.000e-03,\n",
       "         1.360e-02,  1.560e-02,  3.552e-01,  1.580e-01,  8.280e-02,\n",
       "         9.720e-02,  7.760e-02,  1.300e-01,  1.864e-01,  1.220e-01,\n",
       "         2.444e-01,  1.388e-01,  7.920e-02, -6.000e-03,  2.940e-01,\n",
       "         1.272e-01,  8.400e-02,  5.640e-02,  8.000e-03,  8.120e-02],\n",
       "       [-8.000e-04,  4.800e-03,  8.000e-04,  0.000e+00, -1.800e-02,\n",
       "         3.200e-01,  3.960e-02,  2.376e-01,  2.524e-01,  1.580e-01,\n",
       "         1.828e-01,  9.280e-02,  4.092e-01,  1.912e-01,  2.004e-01,\n",
       "         3.604e-01,  2.956e-01,  1.896e-01, -1.800e-02,  5.756e-01,\n",
       "         2.880e-01,  1.560e-01,  1.340e-01,  2.680e-01,  1.292e-01],\n",
       "       [-7.600e-03, -6.000e-03, -6.000e-03, -1.800e-02,  0.000e+00,\n",
       "         5.420e-01,  4.672e-01,  3.308e-01,  1.584e-01,  3.192e-01,\n",
       "         3.088e-01,  6.028e-01,  9.520e-02,  2.684e-01,  2.320e-01,\n",
       "         2.328e-01,  2.528e-01,  4.100e-01,  9.960e-01, -3.120e-02,\n",
       "         2.748e-01,  3.196e-01,  3.800e-01,  4.572e-01,  3.632e-01],\n",
       "       [ 3.200e-03,  8.320e-02,  1.360e-02,  3.200e-01,  5.420e-01,\n",
       "         0.000e+00,  3.540e-01,  6.224e-01,  3.444e-01,  4.196e-01,\n",
       "         3.804e-01,  5.008e-01,  2.300e-01,  3.360e-01,  3.868e-01,\n",
       "         3.148e-01,  3.180e-01,  5.296e-01,  5.436e-01,  2.148e-01,\n",
       "         3.904e-01,  4.232e-01,  3.436e-01,  3.968e-01,  3.892e-01],\n",
       "       [ 3.164e-01,  1.292e-01,  1.560e-02,  3.960e-02,  4.672e-01,\n",
       "         3.540e-01,  0.000e+00,  2.276e-01,  2.368e-01,  4.664e-01,\n",
       "         3.536e-01,  4.540e-01,  2.000e-01,  3.220e-01,  3.664e-01,\n",
       "         2.112e-01,  4.528e-01,  3.884e-01,  4.704e-01,  1.144e-01,\n",
       "         3.252e-01,  4.660e-01,  3.928e-01,  3.084e-01,  5.968e-01],\n",
       "       [ 5.600e-03,  5.120e-02,  3.552e-01,  2.376e-01,  3.308e-01,\n",
       "         6.224e-01,  2.276e-01,  0.000e+00,  3.996e-01,  3.100e-01,\n",
       "         3.428e-01,  3.968e-01,  2.220e-01,  2.968e-01,  3.564e-01,\n",
       "         3.012e-01,  2.772e-01,  4.000e-01,  3.316e-01,  3.076e-01,\n",
       "         4.160e-01,  3.120e-01,  2.692e-01,  2.744e-01,  3.084e-01],\n",
       "       [ 3.560e-02,  3.868e-01,  1.580e-01,  2.524e-01,  1.584e-01,\n",
       "         3.444e-01,  2.368e-01,  3.996e-01,  0.000e+00,  4.544e-01,\n",
       "         4.168e-01,  3.428e-01,  2.176e-01,  3.164e-01,  7.296e-01,\n",
       "         2.904e-01,  2.552e-01,  3.940e-01,  1.584e-01,  2.400e-01,\n",
       "         4.348e-01,  4.572e-01,  3.968e-01,  2.764e-01,  5.048e-01],\n",
       "       [ 5.240e-02,  3.980e-01,  8.280e-02,  1.580e-01,  3.192e-01,\n",
       "         4.196e-01,  4.664e-01,  3.100e-01,  4.544e-01,  0.000e+00,\n",
       "         5.712e-01,  6.340e-01,  2.400e-01,  5.076e-01,  7.240e-01,\n",
       "         3.704e-01,  3.928e-01,  6.428e-01,  3.208e-01,  2.704e-01,\n",
       "         4.284e-01,  9.940e-01,  3.960e-01,  4.004e-01,  6.288e-01],\n",
       "       [ 8.840e-02,  3.340e-01,  9.720e-02,  1.828e-01,  3.088e-01,\n",
       "         3.804e-01,  3.536e-01,  3.428e-01,  4.168e-01,  5.712e-01,\n",
       "         0.000e+00,  5.124e-01,  2.256e-01,  4.372e-01,  5.024e-01,\n",
       "         3.032e-01,  3.024e-01,  6.844e-01,  3.112e-01,  2.080e-01,\n",
       "         6.756e-01,  5.740e-01,  3.248e-01,  3.924e-01,  4.688e-01],\n",
       "       [ 3.920e-02,  1.920e-01,  7.760e-02,  9.280e-02,  6.028e-01,\n",
       "         5.008e-01,  4.540e-01,  3.968e-01,  3.428e-01,  6.340e-01,\n",
       "         5.124e-01,  0.000e+00,  2.108e-01,  4.088e-01,  4.844e-01,\n",
       "         3.380e-01,  3.892e-01,  5.400e-01,  6.036e-01,  1.540e-01,\n",
       "         3.800e-01,  6.376e-01,  4.148e-01,  4.800e-01,  4.940e-01],\n",
       "       [ 2.836e-01,  4.920e-02,  1.300e-01,  4.092e-01,  9.520e-02,\n",
       "         2.300e-01,  2.000e-01,  2.220e-01,  2.176e-01,  2.400e-01,\n",
       "         2.256e-01,  2.108e-01,  0.000e+00,  2.444e-01,  2.296e-01,\n",
       "         4.688e-01,  4.704e-01,  2.220e-01,  9.680e-02,  4.448e-01,\n",
       "         2.628e-01,  2.388e-01,  2.184e-01,  2.684e-01,  2.104e-01],\n",
       "       [ 1.112e-01,  2.304e-01,  1.864e-01,  1.912e-01,  2.684e-01,\n",
       "         3.360e-01,  3.220e-01,  2.968e-01,  3.164e-01,  5.076e-01,\n",
       "         4.372e-01,  4.088e-01,  2.444e-01,  0.000e+00,  4.260e-01,\n",
       "         3.300e-01,  3.108e-01,  5.352e-01,  2.700e-01,  2.820e-01,\n",
       "         3.736e-01,  5.064e-01,  2.924e-01,  4.224e-01,  3.828e-01],\n",
       "       [ 3.960e-02,  3.980e-01,  1.220e-01,  2.004e-01,  2.320e-01,\n",
       "         3.868e-01,  3.664e-01,  3.564e-01,  7.296e-01,  7.240e-01,\n",
       "         5.024e-01,  4.844e-01,  2.296e-01,  4.260e-01,  0.000e+00,\n",
       "         3.360e-01,  3.272e-01,  5.228e-01,  2.328e-01,  2.584e-01,\n",
       "         4.508e-01,  7.244e-01,  3.944e-01,  3.396e-01,  7.176e-01],\n",
       "       [ 9.200e-03,  1.468e-01,  2.444e-01,  3.604e-01,  2.328e-01,\n",
       "         3.148e-01,  2.112e-01,  3.012e-01,  2.904e-01,  3.704e-01,\n",
       "         3.032e-01,  3.380e-01,  4.688e-01,  3.300e-01,  3.360e-01,\n",
       "         0.000e+00,  3.336e-01,  3.308e-01,  2.336e-01,  3.080e-01,\n",
       "         3.268e-01,  3.684e-01,  2.608e-01,  5.172e-01,  2.904e-01],\n",
       "       [ 2.132e-01,  8.760e-02,  1.388e-01,  2.956e-01,  2.528e-01,\n",
       "         3.180e-01,  4.528e-01,  2.772e-01,  2.552e-01,  3.928e-01,\n",
       "         3.024e-01,  3.892e-01,  4.704e-01,  3.108e-01,  3.272e-01,\n",
       "         3.336e-01,  0.000e+00,  3.364e-01,  2.552e-01,  4.688e-01,\n",
       "         3.228e-01,  3.908e-01,  4.664e-01,  2.972e-01,  3.712e-01],\n",
       "       [ 3.760e-02,  2.680e-01,  7.920e-02,  1.896e-01,  4.100e-01,\n",
       "         5.296e-01,  3.884e-01,  4.000e-01,  3.940e-01,  6.428e-01,\n",
       "         6.844e-01,  5.400e-01,  2.220e-01,  5.352e-01,  5.228e-01,\n",
       "         3.308e-01,  3.364e-01,  0.000e+00,  4.124e-01,  2.268e-01,\n",
       "         5.176e-01,  6.456e-01,  3.484e-01,  4.128e-01,  4.868e-01],\n",
       "       [-6.800e-03, -6.000e-03, -6.000e-03, -1.800e-02,  9.960e-01,\n",
       "         5.436e-01,  4.704e-01,  3.316e-01,  1.584e-01,  3.208e-01,\n",
       "         3.112e-01,  6.036e-01,  9.680e-02,  2.700e-01,  2.328e-01,\n",
       "         2.336e-01,  2.552e-01,  4.124e-01,  0.000e+00, -2.960e-02,\n",
       "         2.780e-01,  3.212e-01,  3.824e-01,  4.588e-01,  3.656e-01],\n",
       "       [ 1.420e-01,  4.000e-04,  2.940e-01,  5.756e-01, -3.120e-02,\n",
       "         2.148e-01,  1.144e-01,  3.076e-01,  2.400e-01,  2.704e-01,\n",
       "         2.080e-01,  1.540e-01,  4.448e-01,  2.820e-01,  2.584e-01,\n",
       "         3.080e-01,  4.688e-01,  2.268e-01, -2.960e-02,  0.000e+00,\n",
       "         2.604e-01,  2.668e-01,  1.880e-01,  1.580e-01,  1.960e-01],\n",
       "       [ 1.312e-01,  2.056e-01,  1.272e-01,  2.880e-01,  2.748e-01,\n",
       "         3.904e-01,  3.252e-01,  4.160e-01,  4.348e-01,  4.284e-01,\n",
       "         6.756e-01,  3.800e-01,  2.628e-01,  3.736e-01,  4.508e-01,\n",
       "         3.268e-01,  3.228e-01,  5.176e-01,  2.780e-01,  2.604e-01,\n",
       "         0.000e+00,  4.280e-01,  3.004e-01,  4.144e-01,  4.596e-01],\n",
       "       [ 5.120e-02,  3.960e-01,  8.400e-02,  1.560e-01,  3.196e-01,\n",
       "         4.232e-01,  4.660e-01,  3.120e-01,  4.572e-01,  9.940e-01,\n",
       "         5.740e-01,  6.376e-01,  2.388e-01,  5.064e-01,  7.244e-01,\n",
       "         3.684e-01,  3.908e-01,  6.456e-01,  3.212e-01,  2.668e-01,\n",
       "         4.280e-01,  0.000e+00,  3.948e-01,  4.000e-01,  6.276e-01],\n",
       "       [ 9.640e-02,  3.020e-01,  5.640e-02,  1.340e-01,  3.800e-01,\n",
       "         3.436e-01,  3.928e-01,  2.692e-01,  3.968e-01,  3.960e-01,\n",
       "         3.248e-01,  4.148e-01,  2.184e-01,  2.924e-01,  3.944e-01,\n",
       "         2.608e-01,  4.664e-01,  3.484e-01,  3.824e-01,  1.880e-01,\n",
       "         3.004e-01,  3.948e-01,  0.000e+00,  3.108e-01,  3.848e-01],\n",
       "       [ 1.040e-02,  2.248e-01,  8.000e-03,  2.680e-01,  4.572e-01,\n",
       "         3.968e-01,  3.084e-01,  2.744e-01,  2.764e-01,  4.004e-01,\n",
       "         3.924e-01,  4.800e-01,  2.684e-01,  4.224e-01,  3.396e-01,\n",
       "         5.172e-01,  2.972e-01,  4.128e-01,  4.588e-01,  1.580e-01,\n",
       "         4.144e-01,  4.000e-01,  3.108e-01,  0.000e+00,  3.396e-01],\n",
       "       [ 1.420e-01,  2.764e-01,  8.120e-02,  1.292e-01,  3.632e-01,\n",
       "         3.892e-01,  5.968e-01,  3.084e-01,  5.048e-01,  6.288e-01,\n",
       "         4.688e-01,  4.940e-01,  2.104e-01,  3.828e-01,  7.176e-01,\n",
       "         2.904e-01,  3.712e-01,  4.868e-01,  3.656e-01,  1.960e-01,\n",
       "         4.596e-01,  6.276e-01,  3.848e-01,  3.396e-01,  0.000e+00]])"
      ]
     },
     "execution_count": 8,
     "metadata": {},
     "output_type": "execute_result"
    }
   ],
   "source": [
    "M2"
   ]
  },
  {
   "cell_type": "code",
   "execution_count": 9,
   "metadata": {},
   "outputs": [],
   "source": [
    "import matplotlib.pyplot as plt"
   ]
  },
  {
   "cell_type": "code",
   "execution_count": 10,
   "metadata": {},
   "outputs": [
    {
     "data": {
      "text/plain": [
       "[<matplotlib.lines.Line2D at 0x7fab5fb24790>,\n",
       " <matplotlib.lines.Line2D at 0x7fab5fb248d0>,\n",
       " <matplotlib.lines.Line2D at 0x7fab5fb24990>,\n",
       " <matplotlib.lines.Line2D at 0x7fab5fb24a50>,\n",
       " <matplotlib.lines.Line2D at 0x7fab5fb24b10>,\n",
       " <matplotlib.lines.Line2D at 0x7fab5fb24bd0>,\n",
       " <matplotlib.lines.Line2D at 0x7fab5fb24c90>,\n",
       " <matplotlib.lines.Line2D at 0x7fab5fb24d50>,\n",
       " <matplotlib.lines.Line2D at 0x7fab5fb24e10>,\n",
       " <matplotlib.lines.Line2D at 0x7fab5fb24ed0>,\n",
       " <matplotlib.lines.Line2D at 0x7fab5fb24f90>,\n",
       " <matplotlib.lines.Line2D at 0x7fab5fb33090>,\n",
       " <matplotlib.lines.Line2D at 0x7fab5fb33150>,\n",
       " <matplotlib.lines.Line2D at 0x7fab5fb33210>,\n",
       " <matplotlib.lines.Line2D at 0x7fab5fb332d0>,\n",
       " <matplotlib.lines.Line2D at 0x7fab5fb33390>,\n",
       " <matplotlib.lines.Line2D at 0x7fab5fb33450>,\n",
       " <matplotlib.lines.Line2D at 0x7fab5fb33510>,\n",
       " <matplotlib.lines.Line2D at 0x7fab5fb335d0>,\n",
       " <matplotlib.lines.Line2D at 0x7fab5fb33690>,\n",
       " <matplotlib.lines.Line2D at 0x7fab5fef9790>,\n",
       " <matplotlib.lines.Line2D at 0x7fab5fb33810>,\n",
       " <matplotlib.lines.Line2D at 0x7fab5fb338d0>,\n",
       " <matplotlib.lines.Line2D at 0x7fab5fb33990>,\n",
       " <matplotlib.lines.Line2D at 0x7fab5fb33a50>]"
      ]
     },
     "execution_count": 10,
     "metadata": {},
     "output_type": "execute_result"
    }
   ],
   "source": [
    "plt.plot(M2)"
   ]
  },
  {
   "cell_type": "code",
   "execution_count": 14,
   "metadata": {},
   "outputs": [
    {
     "name": "stdout",
     "output_type": "stream",
     "text": [
      "t_p 55.0\n",
      "f_p 198.0\n",
      "e_e 253\n",
      "o_e 80\n",
      "t_p 50.0\n",
      "f_p 175.0\n",
      "e_e 225\n",
      "o_e 80\n",
      "t_p 41.0\n",
      "f_p 122.0\n",
      "e_e 163\n",
      "o_e 80\n",
      "t_p 23.0\n",
      "f_p 52.0\n",
      "e_e 75\n",
      "o_e 80\n",
      "t_p 13.0\n",
      "f_p 22.0\n",
      "e_e 35\n",
      "o_e 80\n",
      "t_p 9.0\n",
      "f_p 8.0\n",
      "e_e 17\n",
      "o_e 80\n",
      "t_p 5.0\n",
      "f_p 1.0\n",
      "e_e 6\n",
      "o_e 80\n",
      "t_p 2.0\n",
      "f_p 0.0\n",
      "e_e 2\n",
      "o_e 80\n",
      "t_p 2.0\n",
      "f_p 0.0\n",
      "e_e 2\n",
      "o_e 80\n",
      "t_p 0.0\n",
      "f_p 0.0\n",
      "e_e 0\n",
      "o_e 80\n"
     ]
    }
   ],
   "source": [
    "precs = []\n",
    "recalls = []\n",
    "F1s = []\n",
    "for i in range(10):\n",
    "    G2 = genGraph(M2, .1 + i*.1)\n",
    "    precision, recall, F1 = StructureLearn.evaluate_estimate(G2, G, verbose = True)\n",
    "    precs.append(precision)\n",
    "    recalls.append(recall)\n",
    "    F1s.append(F1)"
   ]
  },
  {
   "cell_type": "code",
   "execution_count": 15,
   "metadata": {},
   "outputs": [
    {
     "data": {
      "text/plain": [
       "[<matplotlib.lines.Line2D at 0x7fab5e0d2d90>]"
      ]
     },
     "execution_count": 15,
     "metadata": {},
     "output_type": "execute_result"
    }
   ],
   "source": [
    "plt.plot(precs)"
   ]
  },
  {
   "cell_type": "code",
   "execution_count": 16,
   "metadata": {},
   "outputs": [
    {
     "data": {
